526.971	24.8718
526.976	26.7949
526.981	27.5641
526.986	24.2308
526.991	26.1538
526.996	27.1795
527.001	25.1282
527.006	25.641
527.011	30.2564
527.016	28.4615
527.021	27.8205
527.026	24.7436
527.031	29.359
527.036	26.7949
527.041	25.1282
527.046	25.8974
527.051	30.2564
527.056	23.2051
527.061	28.4615
527.066	24.7436
527.071	23.5897
527.076	25.5128
527.081	25.8974
527.086	26.9231
527.091	24.8718
527.096	24.359
527.101	24.8718
527.106	28.8462
527.111	26.282
527.116	28.4615
527.121	27.8205
527.126	26.282
527.131	23.7179
527.136	26.6667
527.141	28.2051
527.146	27.3077
527.151	25.5128
527.156	29.4872
527.161	24.8718
527.166	26.9231
527.171	26.5385
527.176	24.4872
527.181	26.4103
527.186	26.4103
527.191	27.9487
527.196	27.5641
527.201	26.7949
527.206	27.0513
527.211	24.1026
527.216	28.3333
527.221	29.2308
527.226	28.7179
527.231	30.5128
527.236	30.8974
527.241	28.4615
527.246	25.7692
527.251	27.0513
527.256	26.1538
527.261	27.1795
527.266	27.8205
527.271	23.2051
527.276	25
527.281	27.1795
527.286	24.359
527.291	29.6154
527.296	27.3077
527.301	25.2564
527.306	26.6667
527.311	27.5641
527.316	27.6923
527.321	28.9744
527.326	24.8718
527.331	23.8462
527.336	24.8718
527.341	28.3333
527.346	31.1538
527.351	21.6667
527.356	28.9744
527.361	26.1538
527.366	25.7692
527.371	27.1795
527.376	29.6154
527.381	27.8205
527.386	26.1538
527.391	22.5641
527.396	24.7436
527.401	26.1538
527.406	27.1795
527.411	24.1026
527.416	29.4872
527.421	30
527.426	21.9231
527.431	31.1538
527.436	30.641
527.441	25.1282
527.446	26.5385
527.451	29.6154
527.456	27.0513
527.461	25
527.466	23.8461
527.471	23.4615
527.476	26.0256
527.481	27.4359
527.486	25.5128
527.491	27.1795
527.496	24.6154
527.501	27.6923
527.506	24.8718
527.511	25
527.516	27.6923
527.521	28.2051
527.526	29.2308
527.531	27.1795
527.536	28.0769
527.541	28.3333
527.546	27.1795
527.551	31.0256
527.556	27.6923
527.561	28.4615
527.566	26.5385
527.571	24.2308
527.576	30.8974
527.581	26.9231
527.586	27.5641
527.591	26.7949
527.596	30.5128
527.601	28.3333
527.606	24.6154
527.611	27.3077
527.616	27.9487
527.621	26.5385
527.626	28.0769
527.631	24.6154
527.636	21.7949
527.641	30.7692
527.646	25.641
527.651	25.7692
527.656	27.5641
527.661	26.7949
527.666	31.282
527.671	26.4103
527.676	29.4872
527.681	26.2821
527.686	24.359
527.691	29.359
527.696	23.718
527.701	30.5128
527.706	25.7692
527.711	27.8205
527.716	25.5128
527.721	26.5385
527.726	29.359
527.731	27.8205
527.736	25.1282
527.741	27.5641
527.746	28.5897
527.751	27.4359
527.756	27.1795
527.761	26.9231
527.766	27.0513
527.771	28.2051
527.776	30.8974
527.781	25.2564
527.786	27.3077
527.791	27.3077
527.796	25
527.801	28.0769
527.806	27.5641
527.811	27.3077
527.816	28.5897
527.821	25.2564
527.826	29.6154
527.831	32.0513
527.836	29.2308
527.841	26.6667
527.846	26.5385
527.851	28.0769
527.856	28.4615
527.861	26.4103
527.866	28.2051
527.871	27.3077
527.876	28.5897
527.881	27.6923
527.886	27.1795
527.891	24.2308
527.896	25.8974
527.901	27.3077
527.906	28.2051
527.911	28.7179
527.916	30.1282
527.921	21.282
527.926	28.7179
527.931	25.8974
527.936	26.4103
527.941	26.1538
527.946	23.3333
527.951	24.8718
527.956	22.1795
527.961	27.8205
527.966	26.7949
527.971	27.3077
527.975	22.1795
527.98	29.4872
527.985	28.0769
527.99	22.6923
527.995	27.9487
528	25.2564
528.005	24.8718
528.01	28.0769
528.015	29.2308
528.02	26.1538
528.025	28.2051
528.03	25.5128
528.035	29.6154
528.04	25.641
528.045	23.9744
528.05	26.5385
528.055	30.7692
528.06	26.6667
528.065	28.3333
528.07	25.2564
528.075	27.6923
528.08	25.5128
528.085	27.0513
528.09	26.9231
528.095	28.8462
528.1	30.3846
528.105	27.5641
528.11	26.4103
528.115	27.1795
528.12	31.5385
528.125	25.8974
528.13	24.8718
528.135	30.3846
528.14	24.4872
528.145	28.9744
528.15	28.0769
528.155	29.7436
528.16	28.8462
528.165	22.6923
528.17	26.2821
528.175	26.9231
528.18	30.641
528.185	27.4359
528.19	30.7692
528.195	25.5128
528.2	25.1282
528.205	28.9744
528.21	26.7949
528.215	24.7436
528.22	26.4103
528.225	27.8205
528.23	22.6923
528.235	25.8974
528.24	21.9231
528.245	25
528.25	26.2821
528.255	28.0769
528.26	25.5128
528.265	28.8462
528.27	27.1795
528.275	29.8718
528.28	27.0513
528.285	25
528.29	23.0769
528.295	25.8974
528.3	32.0513
528.305	29.359
528.31	26.1538
528.315	26.1538
528.32	25.2564
528.325	21.5385
528.33	26.0256
528.335	30.5128
528.34	25.8974
528.345	25.1282
528.35	25.8974
528.355	30.641
528.359	23.0769
528.365	27.8205
528.37	23.9744
528.374	22.1795
528.379	28.5897
528.384	28.9744
528.389	27.4359
528.394	28.8462
528.399	24.6154
528.404	26.5385
528.409	24.359
528.414	29.1026
528.419	28.9744
528.424	26.282
528.429	25.1282
528.434	28.3333
528.439	27.4359
528.444	25.5128
528.449	26.2821
528.454	29.6154
528.459	28.7179
528.464	30.2564
528.469	27.0513
528.474	33.5897
528.479	27.4359
528.484	27.0513
528.489	26.9231
528.494	25.5128
528.499	26.7949
528.504	30.2564
528.509	26.2821
528.514	30.1282
528.519	21.282
528.524	28.3333
528.529	23.5897
528.534	24.1026
528.539	24.2308
528.544	27.9487
528.549	28.0769
528.554	23.4615
528.559	28.5897
528.564	28.2051
528.569	28.0769
528.574	26.0256
528.579	30.2564
528.584	29.1026
528.589	27.3077
528.594	24.4872
528.599	26.4103
528.604	27.1795
528.609	29.7436
528.614	27.3077
528.619	25.7692
528.624	24.8718
528.629	21.7949
528.634	27.5641
528.638	28.9744
528.643	29.8718
528.648	27.6923
528.653	22.1795
528.658	25.7692
528.663	24.1026
528.668	28.0769
528.673	29.2308
528.678	22.5641
528.683	24.8718
528.688	24.4872
528.693	27.9487
528.698	29.359
528.703	20.1282
528.708	23.5897
528.713	25.5128
528.718	26.9231
528.723	29.6154
528.728	29.4872
528.733	28.2051
528.738	26.6667
528.743	25.7692
528.748	26.0256
528.753	26.6667
528.758	26.9231
528.763	24.6154
528.768	25.2564
528.773	25.7692
528.778	28.2051
528.783	26.1538
528.788	29.8718
528.793	27.1795
528.798	23.8462
528.803	26.7949
528.808	29.6154
528.813	24.7436
528.818	29.4872
528.823	27.6923
528.828	26.2821
528.833	25.1282
528.838	27.8205
528.843	28.7179
528.848	27.6923
528.853	29.2308
528.858	27.4359
528.863	26.1538
528.867	24.8718
528.872	27.4359
528.877	26.7949
528.882	32.1795
528.887	22.3077
528.892	26.7949
528.897	30
528.902	28.9744
528.907	28.4615
528.912	26.282
528.917	27.3077
528.922	26.1538
528.927	28.9744
528.932	25.7692
528.937	27.0513
528.942	26.2821
528.947	24.8718
528.952	25
528.957	27.9487
528.962	25.641
528.967	23.4615
528.972	27.4359
528.977	27.1795
528.982	22.1795
528.987	25.3846
528.992	25.1282
528.997	28.3333
529.002	26.5385
529.007	25
529.012	26.6667
529.017	27.6923
529.022	30.5128
529.027	25
529.032	23.8462
529.037	27.9487
529.042	29.8718
529.047	27.4359
529.052	31.4103
529.057	25
529.062	28.7179
529.066	24.2308
529.071	31.4103
529.076	22.3077
529.081	27.6923
529.086	25.2564
529.091	30.7692
529.096	22.5641
529.101	23.9744
529.106	23.5897
529.111	29.7436
529.116	28.9744
529.121	27.0513
529.126	31.1538
529.131	27.8205
529.136	27.8205
529.141	27.0513
529.146	25
529.151	25.3846
529.156	24.2308
529.161	24.7436
529.166	23.718
529.171	27.9487
529.176	28.8461
529.181	23.4615
529.186	26.2821
529.191	27.8205
529.196	24.4872
529.201	26.282
529.206	27.0513
529.211	26.7949
529.216	23.0769
529.221	23.7179
529.226	27.5641
529.231	27.4359
529.235	24.4872
529.24	26.0256
529.245	25.5128
529.25	26.9231
529.255	26.4103
529.26	23.718
529.265	26.2821
529.27	28.7179
529.275	26.2821
529.28	27.9487
529.285	28.4615
529.29	29.6154
529.295	28.4615
529.3	28.7179
529.305	24.4872
529.31	26.0256
529.315	28.0769
529.32	30.5128
529.325	23.9744
529.33	23.9744
529.335	25.3846
529.34	26.7949
529.345	27.5641
529.35	25
529.355	24.4872
529.36	29.4872
529.365	25.7692
529.37	26.5385
529.375	27.1795
529.38	27.4359
529.385	30.8974
529.39	25.5128
529.394	25.3846
529.399	23.8462
529.404	24.1026
529.409	26.9231
529.414	25.3846
529.419	32.4359
529.424	28.8462
529.429	28.9744
529.434	25.8974
529.439	28.4615
529.444	28.4615
529.449	25.5128
529.454	27.3077
529.459	27.3077
529.464	28.0769
529.469	25.641
529.474	25.8974
529.479	27.0513
529.484	27.4359
529.489	25.7692
529.494	26.4103
529.499	25.7692
529.504	25.8974
529.509	29.2308
529.514	25.641
529.519	28.9744
529.524	25.5128
529.529	25.5128
529.534	24.7436
529.539	28.3333
529.543	27.4359
529.548	27.6923
529.553	26.4103
529.558	31.282
529.563	23.4615
529.568	25.5128
529.573	22.4359
529.578	28.2051
529.583	23.3333
529.588	30.3846
529.593	23.8462
529.598	27.4359
529.603	28.0769
529.608	28.8462
529.613	25.3846
529.618	30
529.623	28.5897
529.628	23.3333
529.633	26.7949
529.638	27.8205
529.643	28.3333
529.648	25.7692
529.653	27.3077
529.658	26.5385
529.663	27.3077
529.668	27.0513
529.673	23.8462
529.677	26.5385
529.682	27.0513
529.687	26.1538
529.692	27.4359
529.697	27.9487
529.702	24.8718
529.707	25.641
529.712	29.6154
529.717	25.3846
529.722	27.9487
529.727	29.2308
529.732	29.1026
529.737	27.5641
529.742	29.6154
529.747	26.9231
529.752	28.2051
529.757	27.8205
529.762	27.0513
529.767	26.7949
529.772	27.0513
529.777	32.1795
529.782	26.282
529.787	23.2051
529.792	26.1538
529.797	26.2821
529.802	27.8205
529.806	31.7949
529.811	28.3333
529.816	26.6667
529.821	25.1282
529.826	26.7949
529.831	26.6667
529.836	28.4615
529.841	33.2051
529.846	30.7692
529.851	27.9487
529.856	26.6667
529.861	30.2564
529.866	29.6154
529.871	26.7949
529.876	30.1282
529.881	23.3333
529.886	28.5897
529.891	28.2051
529.896	32.5641
529.901	27.0513
529.906	24.8718
529.911	26.5385
529.916	30.1282
529.921	24.6154
529.926	25.5128
529.93	25
529.935	30.2564
529.94	24.6154
529.945	28.2051
529.95	24.6154
529.955	27.4359
529.96	28.9744
529.965	27.0513
529.97	25
529.975	29.6154
529.98	32.5641
529.985	24.359
529.99	24.8718
529.995	24.359
530	27.0513
530.005	23.718
530.01	24.6154
530.015	27.3077
530.02	28.7179
530.025	27.9487
530.03	28.2051
530.035	25.5128
530.04	28.2051
530.044	28.5897
530.049	29.359
530.054	29.1026
530.059	24.2308
530.064	25.8974
530.069	24.4872
530.074	21.6667
530.079	26.4103
530.084	29.6154
530.089	23.5897
530.094	27.0513
530.099	26.2821
530.104	26.7949
530.109	26.5385
530.114	27.3077
530.119	27.1795
530.124	24.7436
530.129	25.641
530.134	25.1282
530.139	27.6923
530.144	26.4103
530.149	27.0513
530.154	25.1282
530.158	25.5128
530.163	26.6667
530.168	27.9487
530.173	27.1795
530.178	26.6667
530.183	26.5385
530.188	25.1282
530.193	25.5128
530.198	31.9231
530.203	22.3077
530.208	31.6667
530.213	30.5128
530.218	25.3846
530.223	28.0769
530.228	24.7436
530.233	28.7179
530.238	25.7692
530.243	31.2821
530.248	24.6154
530.253	28.5897
530.258	29.1026
530.263	27.6923
530.267	24.2308
530.272	26.2821
530.277	29.4872
530.282	27.6923
530.287	29.6154
530.292	28.3333
530.297	23.4615
530.302	28.9744
530.307	28.9744
530.312	24.4872
530.317	29.2308
530.322	27.3077
530.327	30.641
530.332	25.2564
530.337	34.6154
530.342	24.359
530.347	27.8205
530.352	27.9487
530.357	27.1795
530.362	24.2308
530.366	28.3333
530.371	25.1282
530.376	24.4872
530.381	26.2821
530.386	26.2821
530.391	26.6667
530.396	29.4872
530.401	27.5641
530.406	30
530.411	24.7436
530.416	25.5128
530.421	29.4872
530.426	30
530.431	32.1795
530.436	28.4615
530.441	27.6923
530.446	26.1538
530.451	27.1795
530.456	26.1538
530.461	27.0513
530.465	29.359
530.47	27.8205
530.475	32.3077
530.48	27.1795
530.485	25.5128
530.49	27.1795
530.495	29.2308
530.5	26.0256
530.505	26.5385
530.51	27.1795
530.515	25.8974
530.52	26.7949
530.525	26.2821
530.53	30.641
530.535	26.7949
530.54	28.2051
530.545	25.2564
530.55	27.5641
530.555	32.9487
530.56	28.5897
530.564	27.4359
530.569	28.9744
530.574	30.3846
530.579	26.9231
530.584	28.3333
530.589	25.1282
530.594	27.3077
530.599	26.1538
530.604	26.4103
530.609	32.8205
530.614	27.3077
530.619	28.9744
530.624	25.7692
530.629	28.718
530.634	27.4359
530.639	25.2564
530.644	23.9744
530.649	26.7949
530.654	28.5897
530.658	26.6667
530.663	25.7692
530.668	26.1538
530.673	28.2051
530.678	26.4103
530.683	23.9744
530.688	22.5641
530.693	27.9487
530.698	25.8974
530.703	25
530.708	32.1795
530.713	23.3333
530.718	26.0256
530.723	23.3333
530.728	28.5897
530.733	23.718
530.738	28.0769
530.742	29.6154
530.747	25.2564
530.752	26.2821
530.757	26.0256
530.762	30.2564
530.767	26.4103
530.772	29.4872
530.777	24.6154
530.782	27.8205
530.787	26.6667
530.792	26.5385
530.797	28.2051
530.802	28.0769
530.807	25.8974
530.812	29.359
530.817	28.5897
530.822	27.8205
530.827	28.7179
530.831	27.3077
530.836	30.2564
530.841	27.6923
530.846	25.5128
530.851	24.6154
530.856	24.6154
530.861	27.9487
530.866	25.7692
530.871	24.8718
530.876	27.0513
530.881	25.2564
530.886	27.5641
530.891	25
530.896	26.1538
530.901	30.3846
530.906	30.3846
530.911	26.9231
530.916	23.4615
530.92	27.0513
530.925	28.8462
530.93	24.8718
530.935	25.7692
530.94	26.4103
530.945	27.0513
530.95	25.5128
530.955	30.3846
530.96	27.6923
530.965	24.1026
530.97	31.1538
530.975	30.5128
530.98	23.9744
530.985	29.1026
530.99	27.4359
530.995	26.6667
531	26.9231
531.004	27.0513
531.009	26.2821
531.014	28.2051
531.019	30.1282
531.024	29.2308
531.029	26.5385
531.034	27.9487
531.039	30.1282
531.044	26.2821
531.049	26.5385
531.054	27.8205
531.059	29.8718
531.064	27.3077
531.069	26.2821
531.074	28.4615
531.079	27.5641
531.083	29.2308
531.088	27.3077
531.093	27.9487
531.098	27.0513
531.103	25
531.108	28.5897
531.113	26.4103
531.118	24.8718
531.123	27.5641
531.128	31.1538
531.133	25.2564
531.138	27.9487
531.143	25
531.148	25.7692
531.153	26.7949
531.158	28.9744
531.162	30.1282
531.167	26.4103
531.172	23.7179
531.177	29.8718
531.182	29.7436
531.187	29.2308
531.192	29.2308
531.197	25.7692
531.202	31.4103
531.207	28.4615
531.212	28.9744
531.217	26.5385
531.222	25.8974
531.227	28.5897
531.232	29.4872
531.237	26.1538
531.241	27.9487
531.246	27.5641
531.251	26.0256
531.256	28.7179
531.261	26.282
531.266	25.8974
531.271	27.3077
531.276	27.0513
531.281	31.7949
531.286	27.0513
531.291	26.5385
531.296	28.4615
531.301	29.7436
531.306	26.0256
531.311	24.2308
531.315	26.1538
531.32	25.1282
531.325	25.1282
531.33	32.9487
531.335	27.1795
531.34	26.9231
531.345	27.6923
531.35	25.2564
531.355	28.4615
531.36	25.2564
531.365	27.0513
531.37	28.4615
531.375	23.5897
531.38	28.2051
531.385	33.3333
531.39	33.7179
531.394	32.1795
531.399	30.641
531.404	29.8718
531.409	29.1026
531.414	29.2308
531.419	26.7949
531.424	29.1026
531.429	29.1026
531.434	28.2051
531.439	30.7692
531.444	30.1282
531.449	29.359
531.454	29.8718
531.459	28.3333
531.464	28.0769
531.468	29.8718
531.473	25.3846
531.478	28.2051
531.483	24.7436
531.488	31.7949
531.493	31.1538
531.498	36.7949
531.503	31.9231
531.508	29.4872
531.513	33.2051
531.518	28.8462
531.523	27.6923
531.528	29.6154
531.533	31.4103
531.537	32.1795
531.542	33.7179
531.547	38.9744
531.552	46.5385
531.557	103.462
531.562	292.308
531.567	737.949
531.572	1250.38
531.577	1621.8
531.582	1420.64
531.587	651.026
531.592	256.282
531.597	116.538
531.602	72.5641
531.607	62.6923
531.611	55.1282
531.616	75.641
531.621	283.462
531.626	1130.64
531.631	1884.49
531.636	3429.87
531.641	4731.41
531.646	5915.9
531.651	3124.87
531.656	1449.62
531.661	511.795
531.666	205.128
531.671	106.282
531.676	64.2308
531.68	47.0513
531.685	57.1795
531.69	104.744
531.695	287.949
531.7	572.436
531.705	999.359
531.71	1168.46
531.715	1251.41
531.72	778.846
531.725	403.077
531.73	257.179
531.735	186.026
531.74	131.667
531.745	83.7179
531.749	67.6923
531.754	49.4872
531.759	47.5641
531.764	42.1795
531.769	40
531.774	33.0769
531.779	27.4359
531.784	36.9231
531.789	37.0513
531.794	39.8718
531.799	59.359
531.804	91.9231
531.809	170.256
531.813	237.821
531.818	275
531.823	171.538
531.828	119.103
531.833	66.6667
531.838	42.8205
531.843	40.7692
531.848	33.2051
531.853	34.8718
531.858	32.4359
531.863	38.5897
531.868	41.4103
531.873	42.6923
531.878	33.5897
531.882	32.4359
531.887	31.6667
531.892	32.4359
531.897	25.8974
531.902	30.1282
531.907	31.9231
531.912	27.3077
531.917	28.0769
531.922	28.7179
531.927	32.4359
531.932	27.8205
531.937	24.6154
531.942	30
531.946	25
531.951	26.7949
531.956	30
531.961	28.8462
531.966	26.7949
531.971	27.4359
531.976	28.9744
531.981	29.7436
531.986	28.9744
531.991	30.1282
531.996	25.1282
532.001	31.2821
532.006	29.4872
532.01	26.6667
532.015	28.9744
532.02	32.3077
532.025	34.7436
532.03	42.0513
532.035	36.6667
532.04	31.2821
532.045	34.6154
532.05	29.6154
532.055	31.1539
532.06	29.1026
532.065	30.7692
532.07	28.0769
532.074	29.359
532.079	25
532.084	27.6923
532.089	24.8718
532.094	30.8974
532.099	28.4615
532.104	27.1795
532.109	30.8974
532.114	26.7949
532.119	27.1795
532.124	25.5128
532.129	28.718
532.133	29.359
532.138	26.0256
532.143	29.2308
532.148	27.1795
532.153	24.6154
532.158	26.0256
532.163	27.1795
532.168	29.8718
532.173	29.7436
532.178	31.0256
532.183	28.4615
532.188	24.4872
532.193	25.2564
532.197	27.4359
532.202	27.5641
532.207	29.8718
532.212	28.5897
532.217	26.5385
532.222	28.9744
532.227	27.8205
532.232	25.2564
532.237	27.6923
532.242	31.0256
532.247	24.359
532.252	27.3077
532.256	23.7179
532.261	27.0513
532.266	28.4615
532.271	27.4359
532.276	26.7949
532.281	26.6667
532.286	26.5385
532.291	23.9744
532.296	30.1282
532.301	30.5128
532.306	30.3846
532.311	28.2051
532.315	27.9487
532.32	27.0513
532.325	25.7692
532.33	30
532.335	29.359
532.34	30.8974
532.345	29.359
532.35	27.3077
532.355	27.9487
532.36	26.2821
532.365	27.6923
532.37	27.4359
532.375	31.9231
532.379	27.8205
532.384	26.5385
532.389	27.5641
532.394	29.359
532.399	24.2308
532.404	28.2051
532.409	28.718
532.414	28.9744
532.419	26.4103
532.424	26.6667
532.429	31.4103
532.434	24.359
532.438	30.1282
532.443	27.1795
532.448	28.5897
532.453	25.641
532.458	23.8462
532.463	27.0513
532.468	26.5385
532.473	29.8718
532.478	30.1282
532.483	26.7949
532.488	25.3846
532.492	25.2564
532.497	26.4103
532.502	32.4359
532.507	28.2051
532.512	25.1282
532.517	26.6667
532.522	27.5641
532.527	28.0769
532.532	25.641
532.537	29.8718
532.542	28.9744
532.547	31.6667
532.551	29.1026
532.556	26.7949
532.561	28.4615
532.566	30.2564
532.571	27.8205
532.576	25.2564
532.581	28.5897
532.586	25.7692
532.591	30.641
532.596	25.3846
532.601	30.3846
532.605	28.3333
532.61	27.6923
532.615	22.5641
532.62	23.718
532.625	28.9744
532.63	27.3077
532.635	29.4872
532.64	25.8974
532.645	27.6923
532.65	27.9487
532.655	26.5385
532.66	29.2308
532.664	25.5128
532.669	26.9231
532.674	26.1538
532.679	26.4103
532.684	26.4103
532.689	27.6923
532.694	28.5897
532.699	25.2564
532.704	26.0256
532.709	28.9744
532.714	30.2564
532.718	27.8205
532.723	27.0513
532.728	27.4359
532.733	24.8718
532.738	30.641
532.743	25.2564
532.748	29.4872
532.753	26.7949
532.758	29.7436
532.763	27.0513
532.768	29.4872
532.772	28.0769
532.777	24.359
532.782	23.2051
532.787	28.8462
532.792	29.1026
532.797	28.0769
532.802	27.0513
532.807	27.9487
532.812	26.6667
532.817	30.641
532.822	28.9744
532.826	27.5641
532.831	26.6667
532.836	26.7949
532.841	29.4872
532.846	27.6923
532.851	27.1795
532.856	29.359
532.861	27.8205
532.866	25.3846
532.871	28.3333
532.876	25.8974
532.88	24.4872
532.885	25.5128
532.89	26.282
532.895	28.9744
532.9	27.9487
532.905	24.8718
532.91	26.2821
532.915	25.8974
532.92	27.9487
532.925	28.8462
532.93	23.3333
532.934	31.2821
532.939	25.8974
532.944	30.1282
532.949	25.641
532.954	29.1026
532.959	26.0256
532.964	23.2051
532.969	30.2564
532.974	26.5385
532.979	25.5128
532.984	27.0513
532.988	29.4872
532.993	29.2308
532.998	30.7692
533.003	30.8974
533.008	25.5128
533.013	27.8205
533.018	29.7436
533.023	29.7436
533.028	26.6667
533.033	25.8974
533.037	28.2051
533.042	30.2564
533.047	23.7179
533.052	30.641
533.057	26.4103
533.062	25.5128
533.067	28.4615
533.072	26.2821
533.077	25.1282
533.082	29.7436
533.086	23.8462
533.091	25.7692
533.096	27.3077
533.101	29.6154
533.106	29.359
533.111	30.641
533.116	25.7692
533.121	29.1026
533.126	26.4103
533.131	29.359
533.136	30.1282
533.14	29.7436
533.145	29.7436
533.15	28.5897
533.155	27.1795
533.16	32.8205
533.165	28.3333
533.17	29.7436
533.175	29.6154
533.18	26.2821
533.185	28.0769
533.189	26.1538
533.194	24.1026
533.199	30.7692
533.204	27.6923
533.209	25.5128
533.214	23.5897
533.219	25.2564
533.224	25.8974
533.229	31.7949
533.234	28.4615
533.239	26.5385
533.243	26.2821
533.248	24.2308
533.253	25.5128
533.258	27.5641
533.263	26.2821
533.268	30.8974
533.273	24.6154
533.278	26.0256
533.283	27.4359
533.287	23.9744
533.292	28.2051
533.297	29.8718
533.302	30.1282
533.307	27.4359
533.312	22.6923
533.317	30.7692
533.322	25.641
533.327	23.0769
533.332	30
533.336	22.9487
533.341	24.359
533.346	26.1538
533.351	27.4359
533.356	30.2564
533.361	28.0769
533.366	29.6154
533.371	24.359
533.376	27.5641
533.381	26.1538
533.385	28.4615
533.39	25.2564
533.395	30.8974
533.4	30.1282
533.405	23.3333
533.41	29.359
533.415	25.7692
533.42	27.0513
533.425	27.9487
533.43	25.3846
533.435	24.359
533.439	25.2564
533.444	28.5897
533.449	26.1538
533.454	30.7692
533.459	30.7692
533.464	28.3333
533.469	27.3077
533.474	27.4359
533.479	24.359
533.483	23.0769
533.488	25
533.493	23.4615
533.498	26.0256
533.503	31.7949
533.508	25.2564
533.513	28.5897
533.518	25.3846
533.523	30.5128
533.528	27.6923
533.532	26.4103
533.537	29.4872
533.542	29.4872
533.547	31.6667
533.552	26.0256
533.557	25.3846
533.562	24.8718
533.567	21.9231
533.572	23.0769
533.576	29.7436
533.581	29.1026
533.586	28.3333
533.591	28.4615
533.596	29.8718
533.601	31.9231
533.606	28.0769
533.611	28.7179
533.616	26.0256
533.621	24.1026
533.625	22.6923
533.63	25.5128
533.635	32.5641
533.64	23.9744
533.645	26.5385
533.65	28.8462
533.655	24.6154
533.66	23.3333
533.665	26.9231
533.669	28.9744
533.674	29.1026
533.679	28.2051
533.684	28.2051
533.689	30.2564
533.694	28.8462
533.699	29.6154
533.704	26.7949
533.709	29.6154
533.714	27.1795
533.718	26.7949
533.723	28.3333
533.728	28.8462
533.733	25.2564
533.738	29.6154
533.743	29.6154
533.748	29.1026
533.753	26.4103
533.758	26.6667
533.762	31.6667
533.767	28.5897
533.772	25.7692
533.777	27.8205
533.782	29.6154
533.787	25.7692
533.792	29.8718
533.797	26.9231
533.802	26.6667
533.806	24.359
533.811	29.6154
533.816	27.1795
533.821	27.9487
533.826	27.0513
533.831	27.3077
533.836	26.0256
533.841	24.2308
533.846	29.2308
533.851	26.2821
533.855	25.8974
533.86	28.4615
533.865	27.5641
533.87	29.2308
533.875	29.6154
533.88	29.7436
533.885	23.8461
533.89	30.5128
533.895	30.7692
533.899	27.8205
533.904	28.5897
533.909	28.4615
533.914	23.3333
533.919	31.4103
533.924	28.0769
533.929	29.2308
533.934	29.1026
533.939	26.0256
533.943	26.1538
533.948	29.6154
533.953	26.6667
533.958	26.6667
533.963	23.7179
533.968	26.9231
533.973	30.5128
533.978	26.1538
533.982	24.2308
533.987	30.7692
533.992	21.5385
533.997	31.1538
534.002	26.5385
534.007	25.5128
534.012	25.5128
534.017	27.8205
534.022	27.0513
534.026	26.9231
534.031	30.1282
534.036	25.641
534.041	29.4872
534.046	27.4359
534.051	25
534.056	27.8205
534.061	29.7436
534.066	27.6923
534.07	25.8974
534.075	25
534.08	28.3333
534.085	26.9231
534.09	28.4615
534.095	29.4872
534.1	28.5897
534.105	29.2308
534.11	28.9744
534.114	26.2821
534.119	30.8974
534.124	28.4615
534.129	28.5897
534.134	26.1538
534.139	28.7179
534.144	24.8718
534.149	27.4359
534.154	24.6154
534.158	24.4872
534.163	29.7436
534.168	27.4359
534.173	29.359
534.178	27.5641
534.183	27.1795
534.188	25.641
534.193	26.2821
534.198	27.9487
534.202	25.641
534.207	30.3846
534.212	27.9487
534.217	29.2308
534.222	24.2308
534.227	27.0513
534.232	28.8462
534.237	26.7949
534.241	27.6923
534.246	27.4359
534.251	27.8205
534.256	31.7949
534.261	29.7436
534.266	25.8974
534.271	27.9487
534.276	28.5897
534.281	28.718
534.285	28.4615
534.29	29.2308
534.295	26.6667
534.3	29.359
534.305	27.9487
534.31	28.5897
534.315	28.0769
534.32	26.4103
534.324	27.8205
534.329	24.1026
534.334	27.4359
534.339	30.1282
534.344	28.0769
534.349	31.9231
534.354	23.9744
534.359	27.6923
534.364	29.359
534.368	27.0513
534.373	29.4872
534.378	27.5641
534.383	27.0513
534.388	30.641
534.393	27.6923
534.398	24.359
534.403	31.6667
534.407	29.7436
534.412	30.1282
534.417	26.1538
534.422	28.5897
534.427	30.5128
534.432	30.7692
534.437	27.3077
534.442	28.4615
534.447	25
534.451	28.3333
534.456	28.3333
534.461	30.3846
534.466	30.641
534.471	27.9487
534.476	33.4615
534.481	26.1538
534.486	28.2051
534.49	27.8205
534.495	26.6667
534.5	27.4359
534.505	28.9744
534.51	26.0256
534.515	29.4872
534.52	29.1026
534.525	27.3077
534.529	30.5128
534.534	28.4615
534.539	28.0769
534.544	28.0769
534.549	27.3077
534.554	27.9487
534.559	26.9231
534.564	27.5641
534.568	29.1026
534.573	28.3333
534.578	25.5128
534.583	29.7436
534.588	28.2051
534.593	21.5385
534.598	28.2051
534.603	24.4872
534.607	28.8462
534.612	28.0769
534.617	32.1795
534.622	26.0256
534.627	28.9744
534.632	29.8718
534.637	27.1795
534.642	24.8718
534.646	30
534.651	26.6667
534.656	28.4615
534.661	26.4103
534.666	26.0256
534.671	28.4615
534.676	29.359
534.681	26.4103
534.686	31.9231
534.69	26.6667
534.695	27.3077
534.7	29.4872
534.705	29.4872
534.71	26.282
534.715	29.4872
534.72	25.3846
534.725	26.7949
534.729	28.2051
534.734	27.5641
534.739	28.2051
534.744	26.7949
534.749	31.0256
534.754	27.4359
534.759	25.7692
534.764	31.4103
534.768	27.5641
534.773	31.7949
534.778	27.4359
534.783	27.1795
534.788	27.8205
534.793	25.3846
534.798	27.1795
534.802	29.8718
534.807	24.6154
534.812	24.4872
534.817	31.0256
534.822	26.7949
534.827	28.0769
534.832	28.8462
534.837	28.0769
534.841	30.1282
534.846	29.1026
534.851	24.4872
534.856	30.5128
534.861	24.8718
534.866	28.0769
534.871	24.6154
534.876	25.641
534.88	30.7692
534.885	26.282
534.89	26.4103
534.895	27.5641
534.9	26.2821
534.905	30.3846
534.91	29.4872
534.915	28.5897
534.919	28.9744
534.924	27.3077
534.929	27.4359
534.934	23.8462
534.939	31.5385
534.944	23.7179
534.949	30.2564
534.954	21.282
534.958	31.2821
534.963	26.6667
534.968	30.7692
534.973	27.5641
534.978	25.3846
534.983	26.9231
534.988	30.5128
534.992	28.3333
534.997	26.6667
535.002	26.2821
535.007	27.0513
535.012	29.2308
535.017	27.6923
535.022	27.6923
535.027	27.1795
535.031	32.5641
535.036	27.3077
535.041	27.0513
535.046	29.359
535.051	30.5128
535.056	32.1795
535.061	31.7949
535.066	26.0256
535.07	25.7692
535.075	27.4359
535.08	28.8462
535.085	26.5385
535.09	28.8462
535.095	28.4615
535.1	29.4872
535.104	25.5128
535.109	28.2051
535.114	28.8462
535.119	25.3846
535.124	30.1282
535.129	26.2821
535.134	31.7949
535.139	30.1282
535.143	29.6154
535.148	25.8974
535.153	26.6667
535.158	28.0769
535.163	25.641
535.168	31.5385
535.173	26.6667
535.178	29.359
535.182	24.6154
535.187	25.7692
535.192	25.5128
535.197	28.2051
535.202	22.3077
535.207	29.6154
535.212	26.282
535.216	30.641
535.221	30.5128
535.226	31.2821
535.231	27.5641
535.236	29.7436
535.241	28.2051
535.246	26.4103
535.251	30.5128
535.255	27.0513
535.26	27.9487
535.265	28.5897
535.27	25.641
535.275	28.3333
535.28	28.3333
535.285	26.4103
535.289	26.282
535.294	27.6923
535.299	27.3077
535.304	22.5641
535.309	28.3333
535.314	25.8974
535.319	24.4872
535.323	25.1282
535.328	26.1539
535.333	26.6667
535.338	28.4615
535.343	30
535.348	28.4615
535.353	26.9231
535.358	28.2051
535.362	26.4103
535.367	27.1795
535.372	26.6667
535.377	28.718
535.382	28.2051
535.387	29.8718
535.392	33.8462
535.396	27.6923
535.401	32.9487
535.406	24.2308
535.411	26.4103
535.416	28.9744
535.421	31.5385
535.426	25
535.43	24.2308
535.435	23.8462
535.44	26.9231
535.445	25.7692
535.45	30
535.455	29.7436
535.46	30.5128
535.465	27.6923
535.469	23.718
535.474	29.2308
535.479	29.6154
535.484	28.4615
535.489	27.4359
535.494	27.9487
535.499	27.8205
535.503	25.3846
535.508	27.3077
535.513	29.6154
535.518	23.2051
535.523	28.9744
535.528	25.3846
535.533	26.282
535.537	28.5897
535.542	27.5641
535.547	24.6154
535.552	24.7436
535.557	26.6667
535.562	29.7436
535.567	24.7436
535.571	29.8718
535.576	28.4615
535.581	25.641
535.586	27.9487
535.591	27.4359
535.596	28.4615
535.601	26.2821
535.605	29.1026
535.61	24.359
535.615	23.7179
535.62	26.1538
535.625	30
535.63	28.3333
535.635	27.5641
535.639	29.4872
535.644	29.8718
535.649	30
535.654	23.9744
535.659	27.0513
535.664	26.6667
535.669	26.7949
535.673	28.2051
535.678	30.2564
535.683	28.3333
535.688	29.4872
535.693	28.2051
535.698	26.5385
535.703	26.2821
535.708	26.9231
535.712	27.4359
535.717	23.0769
535.722	30.2564
535.727	26.5385
535.732	26.2821
535.737	30.3846
535.742	28.5897
535.746	28.4615
535.751	30.1282
535.756	27.3077
535.761	29.4872
535.766	28.5897
535.771	21.7949
535.776	27.1795
535.78	30.8974
535.785	27.5641
535.79	26.2821
535.795	29.359
535.8	25.3846
535.805	28.4615
535.809	28.3333
535.814	25.8974
535.819	28.8462
535.824	28.9744
535.829	24.4872
535.834	26.1539
535.839	31.5385
535.843	30.641
535.848	28.3333
535.853	25.7692
535.858	24.4872
535.863	26.0256
535.868	26.5385
535.873	27.9487
535.877	29.4872
535.882	26.5385
535.887	26.4103
535.892	31.9231
535.897	25.7692
535.902	30
535.907	28.9744
535.911	27.9487
535.916	29.7436
535.921	27.0513
535.926	22.8205
535.931	26.1538
535.936	28.8462
535.941	28.0769
535.945	29.359
535.95	27.1795
535.955	26.282
535.96	28.0769
535.965	24.1026
535.97	27.4359
535.974	30
535.979	29.1026
535.984	25.8974
535.989	28.4615
535.994	28.0769
535.999	23.3333
536.004	28.9744
536.008	30
536.013	32.0513
536.018	27.0513
536.023	29.7436
536.028	28.7179
536.033	25.7692
536.038	26.4103
536.042	30.8974
536.047	28.2051
536.052	29.6154
536.057	29.1026
536.062	24.1026
536.067	27.3077
536.072	26.0256
536.076	26.282
536.081	24.359
536.086	27.8205
536.091	25.8974
536.096	25.8974
536.101	30.2564
536.105	28.5897
536.11	24.7436
536.115	27.6923
536.12	25.1282
536.125	27.4359
536.13	26.0256
536.135	28.7179
536.139	25.641
536.144	31.7949
536.149	26.5385
536.154	31.4103
536.159	28.9744
536.164	33.9744
536.169	27.8205
536.173	30.3846
536.178	25.8974
536.183	29.1026
536.188	32.9487
536.193	26.282
536.198	31.5385
536.202	27.6923
536.207	28.2051
536.212	26.5385
536.217	27.9487
536.222	30
536.227	29.8718
536.232	27.9487
536.236	27.0513
536.241	27.4359
536.246	26.7949
536.251	30
536.256	29.7436
536.261	28.3333
536.266	30
536.27	28.718
536.275	27.1795
536.28	29.359
536.285	26.7949
536.29	24.8718
536.295	25.2564
536.299	25.8974
536.304	24.7436
536.309	27.3077
536.314	30.5128
536.319	26.9231
536.324	27.6923
536.328	28.7179
536.333	31.7949
536.338	28.4615
536.343	28.0769
536.348	27.0513
536.353	29.6154
536.358	24.4872
536.362	25.5128
536.367	29.1026
536.372	26.1538
536.377	29.8718
536.382	25.2564
536.387	29.1026
536.391	28.3333
536.396	28.2051
536.401	29.7436
536.406	25.3846
536.411	28.9744
536.416	29.1026
536.421	25.2564
536.425	30
536.43	27.5641
536.435	26.1538
536.44	25.5128
536.445	26.4103
536.45	27.6923
536.454	25.5128
536.459	27.8205
536.464	28.5897
536.469	28.0769
536.474	26.1538
536.479	29.359
536.484	28.718
536.488	24.6154
536.493	25.2564
536.498	30.5128
536.503	26.9231
536.508	28.8462
536.513	30
536.517	26.4103
536.522	28.9744
536.527	30.3846
536.532	26.7949
536.537	26.7949
536.542	29.2308
536.547	30.3846
536.551	30.641
536.556	29.1026
536.561	29.4872
536.566	25.7692
536.571	28.0769
536.576	27.4359
536.58	25
536.585	24.1026
536.59	31.4103
536.595	30.1282
536.6	30.8974
536.605	26.4103
536.609	29.2308
536.614	28.0769
536.619	28.4615
536.624	29.1026
536.629	29.2308
536.634	24.6154
536.638	32.5641
536.643	27.4359
536.648	23.3333
536.653	29.4872
536.658	28.8462
536.663	25.5128
536.667	31.0256
536.672	27.6923
536.677	25.3846
536.682	26.6667
536.687	28.0769
536.692	30.641
536.697	26.0256
536.701	25.5128
536.706	27.3077
536.711	26.1538
536.716	31.6667
536.721	27.6923
536.726	27.5641
536.73	26.6667
536.735	29.8718
536.74	28.9744
536.745	23.0769
536.75	28.7179
536.755	30.5128
536.759	27.9487
536.764	28.4615
536.769	25.2564
536.774	28.4615
536.779	28.0769
536.784	28.5897
536.788	29.7436
536.793	26.6667
536.798	27.0513
536.803	24.1026
536.808	32.8205
536.813	26.7949
536.818	27.1795
536.822	26.9231
536.827	34.8718
536.832	29.1026
536.837	29.2308
536.842	25.7692
536.846	30.8974
536.851	25.1282
536.856	27.6923
536.861	29.359
536.866	26.9231
536.871	26.9231
536.876	28.5897
536.88	26.2821
536.885	25.1282
536.89	29.359
536.895	30.1282
536.9	25
536.905	26.1538
536.909	24.6154
536.914	27.8205
536.919	26.0256
536.924	28.3333
536.929	28.4615
536.934	30.641
536.938	33.5897
536.943	29.359
536.948	26.1538
536.953	26.5385
536.958	27.4359
