649.44	39.4872
649.444	45.3846
649.448	42.8205
649.452	38.4615
649.455	47.6923
649.459	40
649.463	44.8718
649.467	39.2308
649.471	35.3846
649.475	42.5641
649.479	42.5641
649.482	48.9743
649.486	45.641
649.49	42.8205
649.494	36.9231
649.498	46.6667
649.502	43.5897
649.506	47.1795
649.509	46.6667
649.513	49.7436
649.517	43.5897
649.521	50.7692
649.525	42.5641
649.529	35.8974
649.533	48.9744
649.536	40.2564
649.54	46.6667
649.544	47.4359
649.548	42.5641
649.552	46.9231
649.556	48.9744
649.56	45.3846
649.563	43.8462
649.567	49.2308
649.571	42.8205
649.575	48.9744
649.579	45.3846
649.583	44.1026
649.587	49.2308
649.59	44.6154
649.594	47.9487
649.598	47.9487
649.602	41.5385
649.606	54.6154
649.61	49.2308
649.614	60.5128
649.617	53.3333
649.621	44.6154
649.625	47.6923
649.629	47.1795
649.633	42.3077
649.637	37.6923
649.641	51.282
649.644	45.3846
649.648	45.3846
649.652	42.0513
649.656	40.7692
649.66	38.4615
649.664	50.5128
649.668	35.8974
649.671	44.8718
649.675	39.4872
649.679	32.3077
649.683	41.2821
649.687	39.4872
649.691	39.2308
649.695	47.4359
649.698	40.7692
649.702	43.3333
649.706	40.5128
649.71	44.8718
649.714	48.7179
649.718	40.2564
649.721	45.3846
649.725	46.4103
649.729	42.5641
649.733	54.6154
649.737	52.5641
649.741	50.5128
649.745	40.7692
649.748	43.0769
649.752	51.0256
649.756	43.5897
649.76	45.3846
649.764	47.1795
649.768	43.0769
649.772	38.9744
649.775	50
649.779	38.7179
649.783	49.4872
649.787	43.3333
649.791	39.7436
649.795	42.0513
649.799	46.1538
649.802	54.359
649.806	49.2308
649.81	60
649.814	50.5128
649.818	54.6154
649.822	51.7949
649.826	43.3333
649.829	46.9231
649.833	50
649.837	48.9744
649.841	41.7949
649.845	37.1795
649.849	36.6667
649.852	38.9744
649.856	40.7692
649.86	50
649.864	48.9744
649.868	42.5641
649.872	46.1538
649.876	40.7692
649.879	46.1538
649.883	49.2308
649.887	48.4615
649.891	37.4359
649.895	43.3333
649.899	42.3077
649.903	37.6923
649.906	45.3846
649.91	54.8718
649.914	46.9231
649.918	44.359
649.922	42.8205
649.926	45.8974
649.93	41.0256
649.933	48.2051
649.937	46.1539
649.941	43.3333
649.945	46.9231
649.949	41.0256
649.953	47.4359
649.956	44.8718
649.96	45.3846
649.964	32.8205
649.968	48.7179
649.972	45.1282
649.976	50.7692
649.979	44.359
649.983	48.4615
649.987	45.641
649.991	36.9231
649.995	46.6667
649.999	58.2051
650.003	51.7949
650.006	47.6923
650.01	46.4103
650.014	44.359
650.018	58.4615
650.022	73.0769
650.026	50.7692
650.029	54.359
650.033	48.7179
650.037	45.3846
650.041	47.9487
650.045	44.6154
650.049	51.0256
650.053	40.2564
650.056	41.5385
650.06	50
650.064	56.4103
650.068	43.8462
650.072	34.8718
650.076	53.8462
650.079	51.5385
650.083	41.7949
650.087	46.4103
650.091	56.9231
650.095	44.8718
650.099	39.4872
650.103	44.1026
650.106	40.7692
650.11	43.8461
650.114	42.8205
650.118	48.7179
650.122	38.4615
650.126	45.3846
650.129	42.0513
650.133	47.1795
650.137	44.8718
650.141	39.2308
650.145	43.8462
650.149	45.8974
650.153	49.4872
650.156	45.641
650.16	43.8462
650.164	51.0256
650.168	43.3333
650.172	50
650.176	42.8205
650.179	46.9231
650.183	43.5897
650.187	42.0513
650.191	41.7949
650.195	46.9231
650.199	36.4103
650.202	40
650.206	46.6667
650.21	46.1539
650.214	48.4615
650.218	53.3333
650.222	62.0513
650.226	57.9487
650.229	61.282
650.233	62.0513
650.237	52.8205
650.241	58.2051
650.245	40.2564
650.249	45.641
650.252	41.5385
650.256	45.1282
650.26	41.0256
650.264	49.4872
650.268	41.7949
650.272	51.5385
650.275	39.7436
650.279	46.9231
650.283	36.6667
650.287	43.3333
650.291	34.1026
650.295	38.4615
650.298	37.6923
650.302	39.7436
650.306	42.3077
650.31	45.1282
650.314	47.1795
650.318	46.6667
650.322	48.9744
650.325	47.9487
650.329	47.9487
650.333	41.7949
650.337	37.1795
650.341	45.3846
650.345	43.0769
650.348	45.3846
650.352	40.5128
650.356	46.1538
650.36	43.8462
650.364	44.1026
650.368	39.4872
650.371	38.2051
650.375	44.359
650.379	48.2051
650.383	41.5385
650.387	46.1538
650.391	38.2051
650.394	44.359
650.398	42.3077
650.402	41.5385
650.406	41.0256
650.41	45.1282
650.414	50.5128
650.417	46.6667
650.421	56.6667
650.425	68.4615
650.429	69.7436
650.433	68.9743
650.437	60
650.44	56.9231
650.444	53.5897
650.448	52.3077
650.452	47.4359
650.456	50
650.46	42.0513
650.464	47.9487
650.467	41.5385
650.471	42.5641
650.475	45.641
650.479	45.3846
650.483	42.8205
650.486	39.2308
650.49	46.4103
650.494	45.3846
650.498	46.9231
650.502	55.3846
650.506	44.8718
650.509	52.5641
650.513	36.6667
650.517	43.0769
650.521	50.5128
650.525	47.6923
650.529	39.7436
650.532	43.3333
650.536	42.8205
650.54	42.8205
650.544	43.0769
650.548	41.7949
650.552	41.2821
650.555	47.6923
650.559	38.9744
650.563	38.2051
650.567	46.6667
650.571	47.6923
650.575	42.0513
650.578	43.0769
650.582	46.1538
650.586	35.8974
650.59	41.5385
650.594	49.2308
650.598	45.8974
650.601	40.2564
650.605	43.5897
650.609	41.5385
650.613	42.5641
650.617	45.8974
650.621	53.5897
650.624	58.7179
650.628	71.2821
650.632	65.1282
650.636	68.4615
650.64	57.1795
650.644	54.8718
650.647	50.7692
650.651	52.0513
650.655	45.1282
650.659	47.6923
650.663	45.3846
650.667	50
650.67	43.5897
650.674	45.3846
650.678	43.5897
650.682	47.9487
650.686	41.5385
650.69	41.0256
650.693	47.6923
650.697	44.6154
650.701	45.3846
650.705	43.3333
650.709	40
650.713	40.2564
650.716	43.5897
650.72	43.0769
650.724	39.7436
650.728	52.8205
650.732	43.3333
650.735	45.8974
650.739	41.5385
650.743	38.9744
650.747	44.8718
650.751	53.0769
650.755	42.5641
650.758	44.359
650.762	52.8205
650.766	48.2051
650.77	41.0256
650.774	40.2564
650.778	46.6667
650.781	43.0769
650.785	43.5897
650.789	53.3333
650.793	50
650.797	45.641
650.801	49.2308
650.804	51.7949
650.808	44.6154
650.812	45.1282
650.816	51.0256
650.82	55.8974
650.823	57.6923
650.827	65.3846
650.831	78.4615
650.835	66.6667
650.839	78.7179
650.843	74.359
650.846	71.282
650.85	61.7949
650.854	52.5641
650.858	49.4872
650.862	48.9744
650.866	48.9744
650.869	44.359
650.873	44.6154
650.877	41.7949
650.881	46.9231
650.885	43.8462
650.889	46.1539
650.892	49.2308
650.896	34.6154
650.9	43.3333
650.904	47.4359
650.908	42.3077
650.911	48.2051
650.915	37.9487
650.919	47.4359
650.923	48.2051
650.927	44.359
650.931	47.4359
650.934	42.8205
650.938	42.5641
650.942	45.8974
650.946	50.2564
650.95	44.6154
650.954	45.1282
650.957	50
650.961	43.3333
650.965	52.5641
650.969	41.7949
650.973	43.8461
650.976	42.8205
650.98	46.9231
650.984	40.7692
650.988	52.5641
650.992	44.1026
650.996	45.1282
650.999	44.6154
651.003	44.8718
651.007	40.7692
651.011	52.3077
651.015	38.9744
651.018	43.0769
651.022	46.9231
651.026	55.8974
651.03	63.5897
651.034	67.1795
651.038	86.6667
651.041	85.1282
651.045	81.2821
651.049	83.5897
651.053	73.8462
651.057	57.9487
651.06	45.3846
651.064	50
651.068	49.4872
651.072	47.1795
651.076	44.1026
651.08	46.4103
651.083	48.9744
651.087	46.4103
651.091	40.5128
651.095	40.5128
651.099	46.9231
651.103	38.7179
651.106	42.5641
651.11	45.8974
651.114	49.7436
651.118	45.8974
651.122	37.4359
651.125	40.2564
651.129	50.2564
651.133	46.4103
651.137	41.5385
651.141	45.641
651.145	43.0769
651.148	48.2051
651.152	44.359
651.156	46.4103
651.16	45.1282
651.164	45.8974
651.167	46.4103
651.171	52.0513
651.175	45.1282
651.179	45.641
651.183	47.1795
651.187	37.9487
651.19	47.4359
651.194	47.1795
651.198	43.5897
651.202	37.4359
651.206	38.9744
651.209	46.4103
651.213	42.0513
651.217	45.641
651.221	43.3333
651.225	43.5897
651.228	55.3846
651.232	56.6667
651.236	58.2051
651.24	83.8462
651.244	92.0513
651.248	99.4872
651.251	115.385
651.255	92.5641
651.259	74.1026
651.263	71.5384
651.267	58.9744
651.27	52.5641
651.274	41.5385
651.278	49.7436
651.282	40.5128
651.286	44.6154
651.289	44.1026
651.293	51.0256
651.297	46.1538
651.301	49.2308
651.305	43.3333
651.309	41.7949
651.312	41.5385
651.316	43.5897
651.32	42.0513
651.324	42.3077
651.328	44.6154
651.331	47.4359
651.335	46.1538
651.339	48.9744
651.343	47.4359
651.347	50.5128
651.351	38.9744
651.354	45.8974
651.358	50.5128
651.362	50.7692
651.366	48.718
651.37	47.1795
651.373	46.4103
651.377	46.1538
651.381	45.8974
651.385	50.7692
651.389	36.9231
651.392	46.6667
651.396	48.2051
651.4	45.641
651.404	46.4103
651.408	51.5385
651.411	36.9231
651.415	45.8974
651.419	50.2564
651.423	44.1026
651.427	43.0769
651.431	50.7692
651.434	54.8718
651.438	54.1026
651.442	83.3333
651.446	104.359
651.45	131.282
651.453	150.513
651.457	121.026
651.461	115.897
651.465	80
651.469	64.359
651.472	48.9744
651.476	49.2308
651.48	47.1795
651.484	45.641
651.488	52.0513
651.491	48.9744
651.495	44.1026
651.499	45.641
651.503	46.4103
651.507	45.8974
651.51	48.2051
651.514	40.7692
651.518	43.0769
651.522	43.0769
651.526	37.6923
651.53	38.9744
651.533	48.4615
651.537	44.8718
651.541	48.7179
651.545	44.1026
651.549	43.0769
651.552	48.9744
651.556	48.9744
651.56	47.4359
651.564	45.1282
651.568	43.0769
651.571	49.4872
651.575	42.3077
651.579	40
651.583	47.4359
651.587	45.641
651.59	46.6667
651.594	42.8205
651.598	44.6154
651.602	41.0256
651.606	49.4872
651.609	42.5641
651.613	45.641
651.617	41.0256
651.621	52.8205
651.625	51.2821
651.629	44.1026
651.632	52.0513
651.636	48.4615
651.64	58.4615
651.644	57.6923
651.648	70
651.651	112.051
651.655	145.128
651.659	163.333
651.663	135.385
651.667	108.974
651.67	100
651.674	64.1026
651.678	59.7436
651.682	50.7692
651.686	47.6923
651.689	41.0256
651.693	50
651.697	46.4103
651.701	47.9487
651.705	36.6667
651.708	42.5641
651.712	39.4872
651.716	40.5128
651.72	46.1539
651.724	45.8974
651.727	49.7436
651.731	44.8718
651.735	39.4872
651.739	40.5128
651.743	41.7949
651.746	50.2564
651.75	52.0513
651.754	54.1026
651.758	43.3333
651.762	43.8461
651.765	46.6667
651.769	51.7949
651.773	47.1795
651.777	47.4359
651.781	45.1282
651.784	44.8718
651.788	46.6667
651.792	49.4872
651.796	40.7692
651.8	42.0513
651.803	50
651.807	42.8205
651.811	49.2308
651.815	42.3077
651.819	41.0257
651.822	46.6667
651.826	40.2564
651.83	44.8718
651.834	47.9487
651.838	47.4359
651.841	51.0256
651.845	60.5128
651.849	55.8974
651.853	94.1026
651.857	129.231
651.86	159.231
651.864	168.205
651.868	153.077
651.872	132.564
651.876	99.7436
651.879	77.4359
651.883	66.4103
651.887	56.6667
651.891	49.7436
651.895	44.6154
651.898	44.359
651.902	51.5385
651.906	41.5385
651.91	41.0256
651.914	43.5897
651.917	49.7436
651.921	41.2821
651.925	44.6154
651.929	43.8461
651.933	40.7692
651.936	52.5641
651.94	41.0256
651.944	50
651.948	47.4359
651.952	51.0256
651.955	51.5385
651.959	50.7692
651.963	40.2564
651.967	46.4103
651.971	51.2821
651.974	43.5897
651.978	43.3333
651.982	41.7949
651.986	46.6667
651.99	49.2308
651.993	40.2564
651.997	44.8718
652.001	52.5641
652.005	47.1795
652.008	44.1026
652.012	51.282
652.016	51.7949
652.02	39.4872
652.024	44.359
652.027	42.3077
652.031	43.8462
652.035	48.2051
652.039	45.8974
652.043	33.0769
652.046	50.2564
652.05	53.3333
652.054	55.8974
652.058	100
652.062	152.051
652.065	202.051
652.069	261.026
652.073	239.231
652.077	204.103
652.081	156.667
652.084	100
652.088	81.2821
652.092	55.3846
652.096	54.359
652.1	47.9487
652.103	52.5641
652.107	40.7692
652.111	49.4872
652.115	46.4103
652.119	48.9743
652.122	48.2051
652.126	53.8461
652.13	50.5128
652.134	41.2821
652.137	44.6154
652.141	47.9487
652.145	44.8718
652.149	43.8462
652.153	46.6667
652.156	48.4615
652.16	39.4872
652.164	47.1795
652.168	35.641
652.172	32.8205
652.175	35.641
652.179	47.6923
652.183	44.359
652.187	41.5385
652.191	47.9487
652.194	41.5385
652.198	45.8974
652.202	52.8205
652.206	44.1026
652.209	48.9744
652.213	50.7692
652.217	50.2564
652.221	44.359
652.225	44.1026
652.228	38.9743
652.232	45.1282
652.236	53.5898
652.24	51.7949
652.244	49.4872
652.247	44.1026
652.251	54.359
652.255	54.6154
652.259	73.5898
652.263	126.154
652.266	224.615
652.27	308.718
652.274	371.538
652.278	352.564
652.281	302.564
652.285	240.256
652.289	180.513
652.293	113.846
652.297	77.9487
652.3	65.1282
652.304	46.6667
652.308	43.0769
652.312	50.2564
652.316	53.3333
652.319	47.9487
652.323	41.0256
652.327	44.6154
652.331	41.2821
652.334	49.4872
652.338	44.6154
652.342	47.6923
652.346	50.2564
652.35	49.7436
652.353	46.1538
652.357	45.3846
652.361	45.3846
652.365	48.2051
652.369	50
652.372	54.359
652.376	41.2821
652.38	44.8718
652.384	46.1538
652.387	48.4615
652.391	45.8974
652.395	49.4872
652.399	50.2564
652.403	50.2564
652.406	61.5385
652.41	51.282
652.414	40.5128
652.418	50
652.422	47.1795
652.425	46.4103
652.429	43.5897
652.433	49.4872
652.437	38.9744
652.44	45.3846
652.444	43.5897
652.448	45.1282
652.452	58.2051
652.456	45.8974
652.459	52.8205
652.463	66.6667
652.467	111.795
652.471	197.949
652.474	364.359
652.478	450
652.482	520
652.486	514.615
652.49	378.462
652.493	292.051
652.497	238.718
652.501	143.333
652.505	90
652.509	63.3333
652.512	49.7436
652.516	46.4103
652.52	51.2821
652.524	48.2051
652.527	46.6667
652.531	49.2308
652.535	40
652.539	51.7949
652.543	46.4103
652.546	42.3077
652.55	50.7692
652.554	48.4615
652.558	45.8974
652.561	51.7949
652.565	50.5128
652.569	47.4359
652.573	51.0256
652.577	56.1539
652.58	50
652.584	44.6154
652.588	47.9487
652.592	46.6667
652.596	51.0256
652.599	49.2308
652.603	40.5128
652.607	50.5128
652.611	42.0513
652.614	44.6154
652.618	47.1795
652.622	45.8974
652.626	42.5641
652.63	41.0256
652.633	46.4103
652.637	55.3846
652.641	43.0769
652.645	45.1282
652.648	41.2821
652.652	51.0257
652.656	46.9231
652.66	53.0769
652.664	45.8974
652.667	62.5641
652.671	68.9744
652.675	136.667
652.679	235.641
652.682	365.385
652.686	509.744
652.69	548.718
652.694	572.564
652.698	421.026
652.701	317.179
652.705	200.769
652.709	127.436
652.713	85.641
652.716	68.718
652.72	55.8974
652.724	56.4103
652.728	52.3077
652.732	47.1795
652.735	45.641
652.739	43.8461
652.743	50.5128
652.747	43.0769
652.75	54.6154
652.754	48.2051
652.758	38.718
652.762	41.2821
652.765	50
652.769	45.1282
652.773	52.0513
652.777	52.8205
652.781	49.4872
652.784	46.4103
652.788	44.6154
652.792	40.2564
652.796	48.9744
652.799	42.3077
652.803	45.3846
652.807	42.8205
652.811	40.5128
652.815	47.9487
652.818	50.2564
652.822	47.4359
652.826	48.2051
652.83	48.4615
652.833	49.2308
652.837	46.6667
652.841	50.5128
652.845	49.7436
652.849	48.4615
652.852	43.0769
652.856	48.2051
652.86	50.2564
652.864	55.641
652.867	50.5128
652.871	51.5385
652.875	58.4615
652.879	77.9487
652.882	160.513
652.886	267.436
652.89	389.744
652.894	527.436
652.898	595.641
652.901	552.564
652.905	430.769
652.909	330.769
652.913	202.821
652.916	121.795
652.92	81.5385
652.924	65.3846
652.928	60
652.931	44.359
652.935	48.2051
652.939	51.7949
652.943	50
652.947	38.4615
652.95	48.4615
652.954	50.2564
652.958	45.8974
652.962	34.1026
652.965	54.6154
652.969	52.8205
652.973	49.2308
652.977	46.4103
652.98	45.641
652.984	58.4615
652.988	52.5641
652.992	47.9487
652.996	50.7692
652.999	53.8462
653.003	55.641
653.007	53.8462
653.011	51.5385
653.014	55.641
653.018	54.1026
653.022	57.6923
653.026	47.1795
653.029	52.8205
653.033	44.1026
653.037	54.1026
653.041	53.3333
653.045	52.5641
653.048	53.5897
653.052	51.7949
653.056	54.6154
653.06	57.6923
653.063	51.2821
653.067	60.5128
653.071	62.8205
653.075	63.5897
653.078	61.2821
653.082	61.7949
653.086	86.1538
653.09	153.077
653.094	266.667
653.097	380.769
653.101	388.205
653.105	412.82
653.109	373.846
653.112	304.872
653.116	268.974
653.12	171.282
653.124	110.256
653.127	81.282
653.131	72.3077
653.135	76.9231
653.139	72.3077
653.142	71.5385
653.146	68.9744
653.15	78.7179
653.154	64.359
653.158	68.4615
653.161	68.7179
653.165	71.7949
653.169	71.2821
653.173	73.8462
653.176	81.0256
653.18	71.0256
653.184	83.0769
653.188	74.8718
653.191	88.7179
653.195	96.1538
653.199	95.1282
653.203	97.1795
653.206	106.923
653.21	104.872
653.214	104.359
653.218	107.436
653.221	117.692
653.225	128.974
653.229	146.154
653.233	161.538
653.237	150.256
653.24	167.949
653.244	168.974
653.248	208.462
653.252	219.231
653.255	246.923
653.259	279.744
653.263	341.795
653.267	413.846
653.27	495.897
653.274	678.205
653.278	917.692
653.282	1415.64
653.285	2460.77
653.289	4879.23
653.293	14597.4
653.297	47011.8
653.3	109684
653.304	161932
653.308	163538
653.312	151052
653.316	140343
653.319	91078.2
653.323	64238.7
653.327	25959.7
653.331	6948.21
653.334	2224.62
653.338	1113.59
653.342	715.385
653.346	520.769
653.349	442.308
653.353	368.974
653.357	323.077
653.361	275.897
653.364	257.436
653.368	208.205
653.372	202.82
653.376	193.846
653.379	165.385
653.383	164.615
653.387	153.077
653.391	138.718
653.394	142.051
653.398	130.769
653.402	127.949
653.406	111.795
653.409	102.564
653.413	112.821
653.417	113.077
653.421	93.5897
653.424	101.026
653.428	86.6667
653.432	87.6923
653.436	91.0256
653.44	92.8205
653.443	79.4872
653.447	81.0256
653.451	88.718
653.455	80.5128
653.458	80
653.462	76.9231
653.466	75.1282
653.47	72.0513
653.473	77.4359
653.477	66.4103
653.481	71.7949
653.485	77.4359
653.488	67.6923
653.492	65.3846
653.496	76.6667
653.5	91.2821
653.503	120.256
653.507	214.615
653.511	382.82
653.515	535.128
653.518	593.846
653.522	558.718
653.526	465.385
653.53	305.897
653.533	197.179
653.537	127.18
653.541	106.923
653.545	78.4615
653.548	64.6154
653.552	68.4615
653.556	55.8974
653.56	64.359
653.563	51.5385
653.567	59.7436
653.571	55.1282
653.575	60
653.578	57.1795
653.582	60.5128
653.586	52.8205
653.59	51.5385
653.594	62.3077
653.597	45.8974
653.601	54.8718
653.605	51.7949
653.609	53.0769
653.612	48.2051
653.616	45.1282
653.62	53.0769
653.624	57.4359
653.627	55.3846
653.631	56.6667
653.635	49.7436
653.639	50.7692
653.642	50
653.646	58.9744
653.65	62.8205
653.654	46.9231
653.657	55.1282
653.661	63.0769
653.665	54.359
653.669	45.8974
653.672	50.7692
653.676	45.8974
653.68	41.7949
653.684	52.3077
653.687	59.2308
653.691	47.6923
653.695	47.4359
653.699	56.4102
653.702	54.8718
653.706	55.3846
653.71	78.9744
653.714	100
653.717	183.59
653.721	274.103
653.725	288.462
653.729	327.436
653.732	306.41
653.736	217.436
653.74	140.513
653.744	100
653.747	78.9743
653.751	58.7179
653.755	52.5641
653.759	52.0513
653.762	48.4615
653.766	41.5385
653.77	56.6667
653.773	49.2308
653.777	40.5128
653.781	46.9231
653.785	49.2308
653.789	36.9231
653.792	46.6667
653.796	56.9231
653.8	51.7949
653.803	51.282
653.807	49.2308
653.811	48.2051
653.815	48.4615
653.818	51.2821
653.822	37.6923
653.826	52.8205
653.83	56.9231
653.833	50.5128
653.837	39.7436
653.841	52.8205
653.845	45.641
653.848	51.2821
653.852	52.0513
653.856	44.6154
653.86	41.5385
653.863	46.4103
653.867	58.2051
653.871	49.7436
653.875	49.4872
653.878	52.5641
653.882	54.6154
653.886	46.6667
653.89	45.1282
653.893	45.8974
653.897	55.8974
653.901	44.8718
653.905	51.2821
653.908	54.6154
653.912	48.9744
653.916	54.8718
653.92	76.9231
653.923	107.179
653.927	158.974
653.931	181.795
653.935	205.128
653.938	216.923
653.942	186.667
653.946	145.897
653.95	91.5385
653.953	80.2564
653.957	68.2051
653.961	58.7179
653.965	53.3333
653.968	43.5897
653.972	50.5128
653.976	52.0513
653.979	43.8462
653.983	48.9744
653.987	47.9487
653.991	43.8461
653.994	47.9487
653.998	50.7692
654.002	46.9231
654.006	50.5128
654.009	52.8205
654.013	47.6923
654.017	50.2564
654.021	46.6667
654.024	45.3846
654.028	48.2051
654.032	44.6154
654.036	47.4359
654.039	54.8718
654.043	51.5385
654.047	53.5897
654.051	51.5385
654.054	40.5128
654.058	47.6923
654.062	48.4615
654.066	46.1539
654.069	52.8205
654.073	46.4103
654.077	44.359
654.081	46.9231
654.084	51.7949
654.088	47.4359
654.092	49.7436
654.095	43.3333
654.099	47.9487
654.103	48.2051
654.107	56.1539
654.11	51.5385
654.114	49.4872
654.118	51.5385
654.122	47.4359
654.125	57.6923
654.129	89.7436
654.133	105.385
654.137	168.718
654.14	187.949
654.144	189.487
654.148	178.205
654.152	123.333
654.155	113.59
654.159	68.9743
654.163	76.6666
654.167	52.3077
654.17	50.7692
654.174	47.4359
654.178	52.0513
654.181	40.5128
654.185	46.4103
654.189	46.6667
654.193	41.0256
654.196	50.5128
654.2	47.6923
654.204	43.8462
654.208	45.3846
654.211	51.2821
654.215	39.4872
654.219	51.2821
654.223	40
654.226	49.4872
654.23	51.2821
654.234	48.718
654.237	46.4103
654.241	48.7179
654.245	53.8462
654.249	43.5897
654.252	47.9487
654.256	46.6667
654.26	46.1538
654.264	42.8205
654.267	52.3077
654.271	50
654.275	54.1026
654.279	50
654.282	43.3333
654.286	49.2308
654.29	47.1795
654.294	42.8205
654.297	42.8205
654.301	46.6667
654.305	41.0256
654.308	56.9231
654.312	55.1282
654.316	48.9744
654.32	49.4872
654.323	38.2051
654.327	53.3333
654.331	53.3333
654.335	63.8461
654.338	63.3333
654.342	91.5384
654.346	126.154
654.349	130.256
654.353	101.282
654.357	110.256
654.361	81.2821
654.364	82.0513
654.368	68.4615
654.372	72.5641
654.376	58.9744
654.379	56.9231
654.383	56.1538
654.387	47.1795
654.391	51.2821
654.394	50.7692
654.398	48.9744
654.402	50
654.405	44.1026
654.409	51.2821
654.413	49.4872
654.417	52.0513
654.42	45.8974
654.424	45.1282
654.428	46.6667
654.432	46.9231
654.435	45.1282
654.439	43.5897
654.443	47.1795
654.446	43.0769
654.45	49.7436
654.454	47.6923
654.458	46.4103
654.461	47.1795
654.465	48.2051
654.469	41.0256
654.473	46.1538
654.476	53.5897
654.48	46.6667
654.484	43.5897
654.488	46.9231
654.491	49.7436
654.495	37.6923
654.499	43.8462
654.502	43.5897
654.506	47.4359
654.51	46.9231
654.514	49.2308
654.517	50.5128
654.521	49.2308
654.525	50.7692
654.529	42.0513
654.532	46.1538
654.536	46.4103
654.54	48.9744
654.543	57.9487
654.547	66.9231
654.551	86.6667
654.555	113.077
654.558	114.103
654.562	94.6154
654.566	75.1282
654.57	66.9231
654.573	74.359
654.577	68.7179
654.581	73.0769
654.584	56.9231
654.588	48.9744
654.592	54.1026
654.596	41.0256
654.599	46.4103
654.603	42.3077
654.607	47.6923
654.611	46.6667
654.614	42.0513
654.618	48.4615
654.622	41.282
654.625	39.4872
654.629	46.9231
654.633	45.8974
654.637	44.1026
654.64	45.1282
654.644	48.718
654.648	50.2564
654.651	48.718
654.655	55.641
654.659	47.4359
654.663	51.5385
654.666	44.1026
654.67	41.2821
654.674	45.1282
654.678	42.3077
654.681	41.5385
654.685	42.5641
654.689	42.8205
654.692	47.6923
654.696	45.1282
654.7	47.1795
654.704	41.2821
654.707	47.1795
654.711	45.1282
654.715	40.2564
654.719	42.5641
654.722	37.6923
654.726	43.0769
654.73	46.1538
654.733	43.8462
654.737	51.5385
654.741	48.2051
654.745	44.1026
654.748	46.4103
654.752	50.2564
654.756	61.0256
654.759	71.0256
654.763	75.3846
654.767	85.641
654.771	87.9487
654.774	72.0513
654.778	69.4872
654.782	51.7949
654.785	53.3333
654.789	48.7179
654.793	55.8974
654.797	49.2308
654.8	45.3846
654.804	54.1026
654.808	50.2564
654.812	42.0513
654.815	41.5385
654.819	45.641
654.823	46.4103
654.826	48.2051
654.83	46.6667
654.834	45.3846
654.838	38.4615
654.841	44.8718
654.845	44.6154
654.849	47.6923
654.852	47.1795
654.856	44.6154
654.86	38.4615
654.864	45.641
654.867	46.9231
654.871	51.0256
654.875	43.0769
654.878	47.9487
654.882	43.0769
654.886	47.9487
654.89	48.4615
654.893	35.3846
654.897	42.3077
654.901	51.7949
654.904	48.4615
654.908	38.7179
654.912	51.0256
654.916	45.1282
654.919	46.9231
654.923	49.2308
654.927	49.7436
654.93	41.282
654.934	49.7436
654.938	46.1538
654.942	42.8205
654.945	41.5385
654.949	45.8974
654.953	42.5641
654.956	54.8718
654.96	47.1795
654.964	56.1539
654.968	64.1026
654.971	77.1795
654.975	83.8462
654.979	81.282
654.983	78.9744
654.986	73.5897
654.99	68.718
654.994	63.0769
654.997	53.3333
655.001	56.6667
655.005	45.1282
655.009	48.4615
655.012	47.4359
655.016	43.3333
655.02	46.9231
655.023	45.1282
655.027	44.359
655.031	40.7692
655.035	42.8205
655.038	49.7436
655.042	38.7179
655.046	47.6923
655.049	46.6667
655.053	43.0769
655.057	47.1795
655.06	42.5641
655.064	51.7949
655.068	47.1795
655.072	50
655.075	46.4103
655.079	40
655.083	50.5128
655.086	50.5128
655.09	41.7949
655.094	52.8205
655.098	55.3846
655.101	37.9487
655.105	49.2308
655.109	42.5641
655.112	48.9744
655.116	45.641
655.12	42.8205
655.124	54.359
655.127	52.8205
655.131	47.9487
655.135	51.7949
655.138	48.9744
655.142	44.8718
655.146	43.8462
655.15	53.0769
655.153	41.2821
655.157	37.6923
655.161	43.8462
655.164	41.0256
655.168	46.6667
655.172	38.4615
655.176	53.0769
655.179	60.7692
655.183	69.2308
655.187	78.9744
655.19	72.0513
655.194	74.6154
655.198	68.718
655.202	61.0256
655.205	52.5641
655.209	46.9231
655.213	55.1282
655.216	44.6154
655.22	55.3846
655.224	53.8461
655.227	42.3077
655.231	41.5385
655.235	40.7692
655.239	49.2308
655.242	51.0256
655.246	40.7692
655.25	48.9744
655.253	40.2564
655.257	48.9744
655.261	48.4615
655.265	43.5897
655.268	45.3846
655.272	46.4103
655.276	45.641
655.279	52.0513
655.283	45.3846
655.287	45.3846
655.291	51.0256
655.294	57.1795
655.298	48.4615
655.302	44.1026
655.305	43.3333
655.309	48.9744
655.313	49.4872
655.316	48.2051
655.32	49.2308
655.324	49.2308
655.328	46.1538
655.331	55.3846
655.335	52.8205
655.339	42.3077
655.342	47.1795
655.346	51.282
655.35	39.4872
655.354	46.6667
655.357	45.3846
655.361	45.1282
655.365	43.8462
655.368	39.2308
655.372	45.1282
655.376	46.4103
655.379	48.2051
655.383	48.4615
655.387	48.2051
655.391	62.8205
655.394	68.7179
655.398	61.7949
655.402	60.7692
655.405	61.7949
655.409	51.5385
655.413	52.8205
655.416	51.5385
655.42	42.8205
655.424	46.9231
655.428	43.5897
655.431	46.1538
655.435	45.1282
655.439	42.8205
655.442	39.7436
655.446	43.0769
655.45	50.7692
655.453	43.0769
655.457	47.6923
655.461	46.6667
655.465	44.359
655.468	38.4615
655.472	51.5385
655.476	50.2564
655.479	37.6923
655.483	48.4615
655.487	46.1539
655.491	49.7436
655.494	44.1026
655.498	47.1795
655.502	43.5897
655.505	35.641
655.509	45.641
655.513	43.0769
655.516	47.9487
655.52	44.1026
655.524	49.2308
655.528	47.6923
655.531	45.8974
655.535	47.1795
655.539	43.3333
655.542	42.8205
655.546	53.8462
655.55	47.9487
655.553	43.0769
655.557	44.1026
655.561	39.4872
655.565	49.7436
655.568	41.2821
655.572	45.641
655.576	52.3077
655.579	47.4359
655.583	43.8462
655.587	48.718
655.59	50.2564
655.594	61.0256
655.598	66.1538
655.602	68.9743
655.605	64.1026
655.609	64.359
655.613	59.7436
655.616	55.8974
655.62	57.6923
655.624	53.3333
655.627	42.0513
655.631	48.9744
655.635	48.718
655.638	39.4872
655.642	43.3333
655.646	41.282
655.65	37.6923
655.653	48.2051
655.657	48.9744
655.661	46.6667
655.664	43.3333
655.668	40
655.672	49.4872
655.675	42.5641
655.679	53.8461
655.683	48.718
655.687	43.0769
655.69	47.9487
655.694	46.9231
655.698	43.0769
655.701	39.7436
655.705	46.9231
655.709	46.4103
655.712	41.2821
655.716	48.2051
655.72	43.3333
655.723	38.4615
655.727	46.9231
655.731	51.0256
655.735	41.5385
655.738	45.3846
655.742	44.6154
655.746	44.8718
655.749	37.9487
655.753	46.4103
655.757	36.1538
655.76	39.7436
655.764	43.8462
655.768	41.7949
655.771	46.9231
655.775	45.3846
655.779	51.0256
655.783	52.0513
655.786	43.8461
655.79	48.7179
655.794	45.8974
655.797	45.3846
655.801	55.8974
655.805	49.2308
655.808	52.3077
655.812	57.6923
655.816	71.0256
655.82	68.7179
655.823	57.1795
655.827	50.2564
655.831	53.8462
655.834	43.0769
655.838	47.4359
655.842	50
655.845	41.282
655.849	41.7949
655.853	51.5385
655.856	42.0513
655.86	48.4615
655.864	41.2821
655.867	55.641
655.871	33.3333
655.875	47.9487
655.879	35.8974
655.882	52.5641
655.886	41.2821
655.89	45.641
655.893	53.8462
655.897	45.641
655.901	46.1539
655.904	52.3077
655.908	47.6923
655.912	49.2308
655.915	38.2051
655.919	45.3846
655.923	41.0256
655.927	50.7692
655.93	48.9744
655.934	37.9487
655.938	49.4872
655.941	44.359
655.945	44.1026
655.949	46.1538
655.952	40
655.956	50
655.96	41.7949
655.963	56.1538
655.967	52.5641
655.971	49.4872
655.974	41.2821
655.978	51.5385
655.982	47.9487
655.986	43.5897
655.989	42.3077
655.993	44.6154
655.997	48.9743
656	42.0513
656.004	46.1538
656.008	53.0769
656.011	44.8718
656.015	51.2821
656.019	50
656.022	64.359
656.026	62.8205
656.03	58.4615
656.033	53.8461
656.037	51.5385
656.041	55.3846
656.044	52.8205
656.048	55.3846
656.052	37.1795
656.056	40
656.059	42.3077
656.063	45.3846
656.067	50.7692
656.07	49.2308
656.074	46.6667
656.078	47.4359
656.081	49.7436
656.085	49.7436
656.089	51.0256
656.092	49.2308
656.096	42.8205
656.1	44.6154
656.103	48.4615
656.107	54.1026
656.111	43.3333
656.115	41.0256
656.118	46.9231
656.122	38.4615
656.126	46.6667
656.129	47.4359
656.133	41.5385
656.137	45.3846
656.14	42.8205
656.144	45.1282
656.148	46.1538
656.151	43.0769
656.155	49.2308
656.159	48.2051
656.162	50.2564
656.166	50
656.17	40.2564
656.173	44.359
656.177	41.7949
656.181	48.4615
656.185	51.0256
656.188	47.6923
656.192	43.0769
656.196	42.3077
656.199	47.4359
656.203	44.359
656.207	38.9744
656.21	54.6154
656.214	44.1026
656.218	58.2051
656.221	56.9231
656.225	46.1538
656.229	58.2051
656.232	57.6923
656.236	46.9231
656.24	59.7436
656.243	51.2821
656.247	49.4872
656.251	54.359
656.254	42.5641
656.258	48.2051
656.262	51.7949
656.265	42.5641
656.269	43.3333
656.273	47.6923
656.276	44.8718
656.28	43.0769
656.284	45.8974
656.288	45.8974
656.291	42.5641
656.295	47.9487
656.299	48.4615
656.302	42.0513
656.306	41.2821
656.31	39.4872
656.313	48.7179
656.317	47.6923
656.321	50
656.324	51.7949
656.328	41.5385
656.332	44.1026
656.335	40.7692
656.339	47.1795
656.343	48.9744
656.346	48.9744
656.35	47.6923
656.354	53.5897
656.357	48.9744
656.361	45.3846
656.365	50
656.368	37.1795
656.372	50.2564
656.376	56.4103
656.379	54.8718
656.383	39.2308
656.387	44.8718
656.391	43.3333
656.394	41.0256
656.398	36.4103
656.402	51.7949
656.405	40
656.409	53.0769
656.413	48.2051
656.416	49.4872
656.42	41.0256
656.424	33.3333
656.427	52.5641
656.431	47.9487
656.435	46.4103
656.438	60.5128
656.442	47.4359
656.446	48.9744
656.449	55.1282
656.453	53.3333
656.457	52.3077
656.46	51.7949
656.464	51.5385
656.468	51.0256
656.471	43.3333
656.475	47.1795
656.479	50.5128
656.482	49.2308
656.486	44.8718
656.49	45.3846
656.493	50
656.497	48.4615
656.501	42.8205
656.504	42.8205
656.508	50.5128
656.512	47.4359
656.515	44.1026
656.519	46.1538
656.523	42.0513
656.526	35.8974
656.53	37.4359
656.534	48.2051
656.537	48.2051
656.541	45.1282
656.545	42.3077
656.548	45.641
656.552	46.6667
656.556	47.6923
656.56	42.5641
656.563	42.8205
656.567	45.3846
656.57	48.718
656.574	45.641
656.578	44.1026
656.581	51.2821
656.585	46.1539
656.589	46.1539
656.593	48.2051
656.596	47.1795
656.6	47.1795
656.604	47.4359
656.607	40
656.611	51.5385
656.615	43.3333
656.618	46.9231
656.622	40.2564
656.626	41.7949
656.629	40
656.633	50.2564
656.637	43.3333
656.64	50.5128
656.644	45.3846
656.648	50.7692
656.651	50.5128
656.655	48.2051
656.659	62.0513
656.662	55.641
656.666	52.8205
656.67	57.4359
656.673	43.3333
656.677	55.641
656.681	44.6154
656.684	47.6923
656.688	42.0513
656.692	42.0513
656.695	43.5897
656.699	39.2308
656.703	45.1282
656.706	52.0513
656.71	45.1282
656.714	45.1282
656.717	47.4359
656.721	42.8205
656.725	52.5641
656.728	44.6154
656.732	41.0256
656.736	44.1026
656.739	49.2308
656.743	40
656.747	42.8205
656.75	40
656.754	46.6667
656.758	45.3846
656.761	45.1282
656.765	42.3077
656.769	50
656.772	37.9487
656.776	52.8205
656.78	48.7179
656.783	44.6154
656.787	45.641
656.791	49.2308
656.794	50.2564
656.798	41.2821
656.802	48.7179
656.805	49.7436
656.809	43.0769
656.813	44.8718
656.816	44.8718
656.82	37.9487
656.824	47.9487
656.827	44.359
656.831	40.5128
656.835	50.7692
656.838	45.3846
656.842	38.9744
656.846	46.4103
656.849	41.7949
656.853	47.9487
656.857	55.641
656.86	46.6667
656.864	45.3846
656.867	51.7949
656.871	50.2564
656.875	52.8205
656.878	50.5128
656.882	54.8718
656.886	48.2051
656.889	43.0769
656.893	44.8718
656.897	37.4359
656.9	47.4359
656.904	46.4103
656.908	51.2821
656.911	37.4359
656.915	47.6923
656.919	51.282
656.922	42.3077
656.926	50
656.93	41.5385
656.933	50.5128
656.937	41.2821
656.941	44.359
656.944	52.3077
656.948	48.4615
656.952	40
656.955	50.7692
656.959	49.7436
656.963	45.641
656.966	40.7692
656.97	51.7949
656.974	45.641
656.977	56.1539
656.981	40.7692
656.985	42.3077
656.988	36.9231
656.992	50
656.996	52.3077
656.999	46.1538
657.003	50
657.007	50.5128
657.01	51.0256
657.014	47.4359
657.018	39.4872
657.021	46.9231
657.025	42.3077
657.029	38.9744
657.032	51.282
657.036	44.1026
657.039	50.2564
657.043	54.1026
657.047	45.1282
657.05	43.8462
657.054	49.2308
657.058	49.4872
657.061	49.2308
657.065	41.7949
657.069	47.9487
